# Created by Octave 3.8.0, Tue Jun 02 13:13:06 2015 CEST <Kadlubek47@Kadlubek47.local>
# name: errorOnTestingSet_perRun
# type: scalar
1.95


