# Created by Octave 3.8.0, Fri May 29 19:48:09 2015 CEST <Kadlubek47@kadlubek47.home>
# name: rndstate
# type: matrix
# rows: 625
# columns: 1
 2430715588
 133100555
 1027537189
 1294029760
 2644388533
 3626788745
 4220584335
 1390511409
 636264550
 211685108
 2502250867
 2240040724
 558626087
 1057942687
 1474512788
 76345488
 3688070253
 2053486179
 2278729158
 3415420843
 1171210368
 3453467647
 963125693
 3493819165
 1442360066
 2126183830
 3008917611
 540169468
 3959611519
 2966356394
 3631824458
 380141274
 1825083868
 992391604
 2773256366
 1202137579
 1699112923
 3758338251
 3824682023
 3257335851
 2033197397
 3965001913
 1926928246
 520246586
 2785418605
 4053743406
 516860375
 415951407
 215147389
 1802621186
 3143780310
 2338648332
 1233555231
 4260240686
 3022872851
 1655882773
 2552377913
 1369333757
 1219325803
 3582988404
 3960652733
 4091255734
 1583125409
 182692207
 2241020480
 1308275041
 2597223115
 598582826
 40787420
 1188370374
 3443993942
 3695130441
 3480312009
 3818798809
 3900711967
 547085837
 4006877489
 2755099539
 1906415170
 1084413375
 545076187
 2724057116
 3158488989
 4263820482
 3516124080
 2914179893
 2423694764
 3336501133
 3321872522
 1920473718
 3666770663
 2119779727
 805992993
 2690510600
 3837695352
 2401849731
 3624544093
 2922702754
 3569479927
 3378882758
 1503348216
 967418185
 1349866633
 2337628720
 142157406
 4031985060
 2786337207
 2793739181
 1421623862
 3789604872
 1888031454
 429659003
 3076449560
 3028860666
 3148034727
 2854767611
 4019299573
 1879598092
 524403090
 2684149795
 688940348
 1655800301
 4000635471
 2630365584
 2604124360
 2301252984
 3151114012
 1121200647
 4158129992
 2778811958
 4219924534
 243387170
 1354174006
 962567413
 2789943491
 3723177756
 3675302211
 3709150339
 4175036752
 3937750778
 1959715194
 1802375764
 928018575
 3490837198
 1766127937
 3419353888
 2566923330
 3125756311
 338557185
 1445854678
 1979938173
 3090707725
 3201172692
 1694351676
 940808426
 2633807827
 3230324654
 96154840
 1239883787
 959934478
 1205022233
 464184551
 1751919944
 3291189211
 3421312225
 2622769002
 2339027716
 2885148191
 3707870494
 3142180049
 3673193841
 1527222527
 2895223992
 2104109136
 2022655680
 3366209463
 942812626
 2488757727
 1804506292
 2852919508
 879077061
 1941907033
 4044445478
 4211607766
 3227313299
 2863982213
 2919199277
 1031362711
 1751535668
 3531174631
 1607919199
 11047950
 2498392478
 1787516444
 249559014
 4006555548
 509219648
 2774250461
 2663887357
 1032272602
 227648054
 832436406
 3614319996
 3681488415
 2693472479
 3270520490
 2396082165
 2092253884
 269144394
 2745123896
 1017124488
 832024236
 1962875800
 4181785954
 350592125
 2586845068
 2022231236
 580144720
 2969177046
 4069066942
 998363964
 1824259229
 4220918890
 4268819058
 3756099227
 184810726
 161303925
 1068317523
 2216193277
 2916880622
 1628392947
 4148391102
 2125996217
 3760950673
 2482931728
 2606261272
 3769250846
 1610280709
 341504098
 3234035656
 1997880858
 846752190
 1268996881
 2044982686
 1644153126
 3269891273
 3510870181
 709721664
 2606439406
 1107283750
 130735112
 2471772853
 1113438052
 2318041653
 2360530684
 1543466043
 3763741856
 3451568239
 4131094732
 558715366
 768905516
 2587197988
 1519379058
 3713362676
 1598220192
 243075199
 3763740645
 2187182542
 1720177794
 2658745720
 3115100082
 1958494091
 150779758
 2286103906
 2020655620
 3231847544
 677425385
 3711259342
 3168382142
 2699056413
 1404457976
 495603852
 3291137066
 2903015071
 3052780276
 2883810717
 2505922953
 2240121126
 3212418608
 1285496117
 2368813423
 1681577919
 1627831738
 805235589
 15281106
 2179482994
 3433998898
 784744588
 2596133177
 1698036839
 470543711
 3997922796
 1809497641
 2844029024
 2178661945
 1247257256
 511771847
 3342325902
 3537666210
 2199611534
 3037975993
 1374323260
 3815534988
 3902864349
 1366251526
 1787566974
 2938988582
 4114977638
 3285870287
 3649100305
 3001910351
 1280347557
 2508033679
 228290388
 346179029
 1451268156
 2226439904
 2640924735
 1198268161
 3321273660
 4166964430
 1690532601
 1215803545
 3338975742
 3897592712
 3193013571
 1588776461
 3541204323
 3517719203
 2473623469
 3707357490
 1484138160
 2818399969
 433564687
 3261310350
 88953637
 2146864195
 1939436065
 460067891
 3402360476
 4034354720
 408237506
 1938649236
 560726982
 922066104
 4069032461
 4280142628
 2665870683
 664125902
 1086337502
 1218609623
 3820433777
 2632970864
 3919335954
 843890942
 2776514430
 2931385779
 3927832999
 1940256417
 2907024777
 290333233
 4061399592
 3801578408
 4011179833
 2604173761
 3510819832
 4194731790
 2609466487
 3268204396
 818447021
 2973455469
 357459720
 1631338488
 1285068365
 2844350473
 568626987
 2124044091
 1548366255
 306521275
 97183850
 1957863339
 424347656
 389048091
 1033269392
 1218452224
 1688218472
 1606583255
 3571851904
 2911608336
 1732074721
 525391934
 168323251
 1553490153
 2102019941
 1859455192
 150469064
 1666739980
 4065550580
 1641110437
 1004342256
 2182786025
 2580076286
 925312204
 3890157654
 1196310152
 3572878639
 3973027299
 3032984854
 2003567542
 440585391
 417317448
 2762228020
 628306421
 2675632251
 4068798355
 2464873029
 1436298673
 779243850
 801776740
 1991006279
 2606772014
 3909643999
 2226271357
 2828882639
 2297056685
 3975891258
 867813357
 1319479584
 896071876
 3102540966
 912369841
 404248487
 3100507180
 4141411832
 3904157442
 776288097
 1007360560
 95099547
 3375806000
 3530685506
 2981127886
 2644152720
 2781115083
 1758934695
 620546387
 3055918100
 1294313734
 2681282683
 2392462220
 3205735302
 3064324567
 2859900004
 2427966463
 2130496119
 3935246683
 1901720019
 1328069985
 4288391590
 3320609785
 3037977368
 1227450793
 828659478
 3058671642
 1948477799
 3382074810
 1257585487
 329484764
 2602581675
 252151463
 4109921992
 3383530780
 1763275690
 3209787197
 4163212555
 778063751
 126179690
 2277347383
 2290030037
 2199080193
 3615933225
 1765446792
 3235996829
 3007376986
 3800164365
 2605033150
 4138384053
 1386592385
 2898082148
 3019767738
 616486161
 2466810890
 3533688341
 3375348941
 1226063775
 3228613192
 3479957055
 3182555585
 1640921792
 3216119792
 1208739824
 2215237274
 3917364662
 553741039
 772444413
 885668880
 3211508950
 1758071956
 2221432033
 208413873
 3919982213
 401322694
 4003021645
 3383124024
 3596867315
 4252320724
 1077032994
 3395644727
 3367692729
 3605255641
 3361970036
 262487503
 1332707640
 2722180994
 2788618632
 1223041816
 3324355737
 4184509841
 3205406002
 499311837
 1243141378
 294000077
 2130505642
 4224067526
 2137184714
 527048966
 1445554742
 477461474
 4110219097
 2029036097
 1065006365
 693225836
 410959155
 2305472646
 3372755503
 2808366745
 1930755822
 1085344204
 2870723379
 363632997
 128006243
 524331344
 4163433631
 2846836010
 4019379397
 810841590
 3191182484
 1665733282
 3586287386
 2048719825
 4167206541
 2996900136
 2613206015
 450692972
 112071506
 3259090772
 3507705613
 3667566694
 1267273069
 3151052179
 3296682941
 543357588
 213542733
 2602182411
 4081009842
 2697995519
 1707268806
 1839614587
 1957229817
 1184429519
 270850112
 2161501759
 2235430750
 3799485848
 1721024572
 1680041275
 1527857414
 2793588838
 2464552284
 3735126611
 2043412365
 3475639542
 858238643
 3327837241
 1104952064
 2755864993
 2147220989
 1641775282
 1714555876
 631834786
 3925898976
 1985274913
 4273553756
 3729379315
 11545469
 1262470480
 616264558
 2919087052
 1563850891
 2961227310
 3961029850
 3767446569
 503838957
 2275737637
 397566133
 623


